1 258 327 19 22
2 553 11 13 13
3 619 175 17 20
4 965 962 26 16
5 389 618 23 28
6 232 720 14 20
7 548 695 10 20
8 149 242 16 17
9 628 301 22 25
10 229 298 21 11
11 315 784 25 19
12 557 444 27 26
13 510 120 20 22
14 616 929 20 17
15 779 957 23 16
16 576 682 22 15
17 16 205 20 23
18 954 514 28 10
19 238 149 20 14
20 353 669 12 24
21 70 916 24 10
22 264 505 25 16
23 559 307 26 22
24 52 959 11 24
25 713 889 17 25
26 746 433 20 11
27 117 775 27 11
28 925 830 20 13
29 456 760 19 23
30 88 39 17 20
31 851 79 16 24
32 330 230 25 10
33 743 816 16 12
34 518 637 26 25
35 267 330 25 28
36 745 665 14 28
37 627 965 19 13
38 278 558 11 14
39 742 755 11 14
40 638 758 23 25
41 766 736 17 21
42 675 276 26 21
43 679 841 26 15
44 748 43 26 23
45 961 273 15 14
46 361 955 17 11
47 192 552 17 26
48 874 580 14 20
49 672 284 29 12
50 470 772 12 12
51 260 350 27 10
52 855 96 18 24
53 725 302 19 26
54 646 826 15 18
55 902 116 17 10
56 251 767 17 24
57 781 274 17 12
58 284 168 13 13
59 808 592 11 10
60 497 656 13 11
61 230 279 17 28
62 557 324 21 13
63 447 213 23 19
64 333 55 29 19
65 618 151 23 12
66 514 584 29 21
67 496 832 19 29
68 791 909 26 23
69 889 104 28 10
70 156 263 9 10
71 590 904 20 15
72 45 307 20 21
73 714 305 10 11
74 893 437 22 17
75 134 482 29 16
76 360 352 28 26
77 530 302 26 23
78 171 895 18 18
79 876 371 21 29
80 84 835 14 20
81 978 486 21 21
82 900 664 24 16
83 807 267 10 21
84 104 792 19 29
85 55 608 18 13
86 25 623 14 26
87 711 878 16 25
88 357 315 11 14
89 90 170 28 15
90 377 81 13 19
91 154 261 14 15
92 551 287 20 20
93 871 690 24 15
94 193 681 24 14
95 549 568 27 18
96 400 832 19 27
97 411 476 25 11
98 909 90 15 21
99 418 358 18 28
100 466 213 21 18
101 293 183 19 21
102 430 402 27 10
103 424 60 17 24
104 657 906 14 23
105 326 650 17 27
106 886 105 22 19
107 454 399 15 24
108 185 415 21 19
109 645 789 17 25
110 649 889 18 14
111 824 149 11 27
112 948 282 27 18
113 632 645 27 19
114 530 545 10 29
115 43 961 13 12
116 709 758 24 17
117 480 942 10 29
118 289 208 29 13
119 277 928 18 25
120 503 832 15 28
121 126 109 27 19
122 369 106 22 17
123 620 137 18 15
124 268 978 12 14
125 180 553 27 26
126 71 419 29 17
127 21 958 28 10
128 661 826 18 19
129 922 56 11 28
130 735 89 14 15
131 486 271 17 11
132 760 69 11 20
133 328 665 13 18
134 53 71 25 13
135 60 178 8 3
136 64 913 28 14
137 757 367 11 25
138 60 247 18 14
139 418 224 12 20
140 899 48 26 29
141 393 633 28 25
142 868 142 12 24
143 83 900 24 16
144 312 942 13 13
145 136 104 10 29
146 674 780 21 24
147 133 932 10 27
148 267 827 24 17
149 545 344 13 10
150 760 897 11 23
151 242 660 10 20
152 802 758 25 25
153 919 55 13 21
154 850 317 29 15
155 55 176 20 10
156 278 852 29 11
157 931 318 29 26
158 74 351 21 25
159 712 305 25 24
160 605 363 24 13
161 719 887 20 10
162 730 172 8 7
163 468 572 13 10
164 541 74 29 13
165 402 206 27 18
166 310 147 17 25
167 243 145 21 14
168 441 640 23 11
169 680 331 16 11
170 22 446 9 6
171 685 327 19 21
172 52 872 29 27
173 723 39 13 15
174 522 799 16 19
175 335 529 18 10
176 663 304 15 22
177 921 704 24 15
178 874 492 23 21
179 810 939 18 21
180 119 80 12 29
181 780 446 27 22
182 295 32 17 26
183 341 833 23 11
184 115 773 27 15
185 752 644 17 29
186 767 636 15 19
187 296 211 10 11
188 474 347 27 25
189 593 333 17 18
190 859 571 18 15
191 434 404 17 10
192 803 621 26 27
193 737 39 19 18
194 245 301 23 23
195 457 478 27 18
196 450 939 24 25
197 918 64 12 10
198 679 921 12 12
199 549 615 29 23
200 874 415 22 18
201 232 280 24 29
202 729 379 17 20
203 813 740 11 20
204 659 216 17 29
205 303 899 10 27
206 934 694 24 20
207 185 621 16 18
208 856 708 23 25
209 799 914 29 20
210 890 702 25 13
211 517 104 16 29
212 981 593 12 18
213 807 56 29 24
214 57 464 24 21
215 356 831 17 17
216 55 420 17 28
217 29 583 17 15
218 740 868 10 10
219 793 643 29 23
220 255 573 25 24
221 738 897 25 29
222 859 823 10 17
223 427 211 15 21
224 882 476 13 26
225 374 969 28 19
226 138 478 10 21
227 58 623 19 19
228 436 238 16 25
229 590 907 23 29
230 950 508 11 13
231 969 646 20 19
232 470 473 28 20
233 976 604 15 24
234 808 53 26 24
235 71 260 24 14
236 841 81 29 11
237 944 963 21 24
238 632 235 12 14
239 768 494 14 25
240 788 437 8 3
241 474 164 25 29
242 93 903 18 20
243 235 752 26 13
244 478 414 13 18
245 294 930 14 17
246 932 897 21 13
247 300 916 29 19
248 762 98 11 21
249 746 629 29 21
250 279 179 26 11
251 426 338 21 17
252 859 811 12 24
253 722 751 29 15
254 55 253 28 19
255 739 434 11 22
256 61 309 14 27
257 669 273 14 10
258 413 506 12 12
259 47 812 19 21
260 846 580 18 22
261 281 841 19 20
262 761 360 25 29
263 245 972 14 18
264 637 266 16 24
265 167 304 14 24
266 438 331 11 12
267 525 912 12 21
268 249 139 25 17
269 956 389 15 26
270 153 977 17 15
271 226 692 19 22
272 717 894 26 22
273 100 838 13 10
274 81 113 24 25
275 231 150 25 20
276 882 200 29 26
277 890 380 16 25
278 655 893 18 29
279 125 481 26 19
280 975 198 18 18
281 332 332 28 28
282 902 352 12 18
283 123 904 18 19
284 38 447 29 27
285 142 34 19 27
286 513 810 12 23
287 270 494 28 13
288 940 409 10 19
289 656 8 19 25
290 436 263 14 29
291 344 694 19 11
292 541 838 22 26
293 910 958 13 16
294 870 224 23 20
295 483 431 22 23
296 170 402 6 10
297 549 116 15 22
298 901 689 16 11
299 84 344 19 16
300 60 293 16 15
301 724 473 20 23
302 693 46 22 27
303 616 62 20 17
304 857 973 12 11
305 688 201 28 20
306 14 790 21 16
307 304 441 26 14
308 272 623 24 15
309 746 139 24 10
310 218 844 14 15
311 837 881 10 27
312 643 14 15 21
313 366 487 20 23
314 487 720 14 29
315 526 534 24 20
316 348 883 28 11
317 646 93 27 27
318 739 805 11 23
319 946 619 15 10
320 778 77 20 11
321 150 845 11 26
322 952 671 10 17
323 910 418 15 14
324 404 644 13 10
325 21 506 12 13
326 93 493 17 12
327 19 618 15 18
328 505 736 22 27
329 526 953 21 20
330 485 794 13 20
331 515 977 9 5
332 889 373 15 17
333 532 536 9 14
334 431 353 10 22
335 846 794 14 11
336 946 677 13 14
337 670 110 10 15
338 889 322 14 20
339 311 23 3 13
340 51 663 28 20
341 925 828 29 17
342 177 376 27 15
343 384 620 27 12
344 338 394 29 16
345 744 933 13 9
346 665 21 25 10
347 533 588 20 12
348 115 425 22 22
349 823 400 11 11
350 38 351 19 25
351 548 278 15 24
352 27 234 29 11
353 125 93 18 17
354 262 867 26 25
355 223 867 19 17
356 10 556 18 27
357 631 849 22 26
358 529 878 22 24
359 276 292 22 27
360 882 678 15 17
361 828 743 21 10
362 729 522 17 24
363 836 75 25 12
364 221 875 15 11
365 507 247 24 21
366 331 733 15 29
367 766 746 25 26
368 426 205 15 25
369 357 181 23 17
370 461 549 15 23
371 673 322 12 12
372 295 586 17 14
373 58 819 15 9
374 484 957 20 21
375 676 497 25 15
376 929 32 18 23
377 157 783 27 28
378 462 465 11 29
379 701 24 22 28
380 196 258 29 18
381 159 234 26 17
382 487 279 26 16
383 483 804 28 27
384 348 683 17 21
385 806 815 20 20
386 625 234 18 26
387 744 562 19 20
388 362 708 11 21
389 444 587 24 20
390 435 411 29 21
391 969 188 22 23
392 332 786 24 19
393 659 969 24 13
394 424 393 19 18
395 972 484 19 12
396 963 242 20 28
397 664 630 12 10
398 567 72 23 12
399 935 200 25 15
400 750 568 11 13
401 775 113 13 11
402 687 441 11 23
403 623 335 10 25
404 542 946 13 18
405 503 59 16 16
406 578 846 26 18
407 380 261 17 16
408 462 208 20 26
409 548 329 13 23
410 858 722 25 29
411 368 722 24 11
412 970 671 13 29
413 326 701 18 11
414 74 22 25 14
415 456 85 12 24
416 696 79 18 29
417 942 745 29 15
418 906 491 29 12
419 700 813 11 29
420 250 296 13 10
421 465 52 28 28
422 147 538 21 12
423 360 300 11 27
424 942 248 22 10
425 819 708 10 22
426 745 563 17 16
427 393 608 11 12
428 116 526 17 14
429 470 155 13 10
430 357 534 13 29
431 330 962 20 20
432 462 4 22 26
433 853 807 27 17
434 671 971 28 21
435 537 4 20 26
436 656 324 13 13
437 90 822 25 29
438 764 355 15 10
439 61 978 27 20
440 520 194 19 22
441 553 293 19 18
442 654 264 25 22
443 368 182 29 11
444 433 613 21 17
445 727 68 11 10
446 250 457 14 13
447 289 122 15 20
448 262 922 24 14
449 824 657 19 21
450 786 265 19 22
451 900 457 23 12
452 148 975 10 13
453 44 59 18 28
454 82 753 24 25
455 298 860 28 20
456 145 106 28 16
457 160 511 17 25
458 579 673 10 18
459 412 728 27 17
460 440 340 24 21
461 548 214 10 15
462 27 754 24 18
463 135 86 18 20
464 840 729 26 27
465 9 613 11 15
466 862 380 24 29
467 142 927 27 11
468 570 414 16 26
469 946 509 17 28
470 81 426 13 27
471 786 434 18 11
472 899 350 27 12
473 105 502 20 27
474 238 758 26 14
475 420 601 26 26
476 646 810 22 29
477 343 259 14 13
478 676 974 24 18
479 951 259 25 26
480 219 781 21 27
481 601 64 19 25
482 647 903 18 23
483 832 908 24 14
484 177 320 21 16
485 312 929 12 24
486 83 437 5 7
487 540 333 22 27
488 936 895 14 11
489 936 698 29 13
490 217 809 21 13
491 188 895 27 24
492 635 204 12 24
493 484 820 21 23
494 133 583 25 18
495 129 426 19 26
496 316 937 18 18
497 303 440 29 11
498 967 662 18 29
499 970 51 21 15
500 90 833 9 15
501 440 430 19 20
502 657 117 10 18
503 606 372 10 5
504 57 870 11 27
505 940 663 29 12
506 360 582 22 19
507 810 88 11 20
508 626 668 25 24
509 392 266 12 16
510 919 290 19 23
511 922 221 18 19
512 804 532 25 25
513 558 467 28 16
514 438 970 10 13
515 162 322 12 19
516 101 267 27 27
517 752 347 29 13
518 693 751 22 15
519 753 101 13 13
520 559 948 23 28
521 36 581 22 11
522 457 637 29 22
523 421 419 28 23
524 289 810 10 21
525 31 600 27 18
526 48 298 21 23
527 428 194 23 22
528 745 77 21 16
529 764 493 18 12
530 523 124 19 21
531 762 936 12 18
532 925 74 14 11
533 684 936 17 19
534 230 175 11 15
535 331 442 12 22
536 929 945 22 21
537 274 966 13 29
538 96 418 28 19
539 445 961 26 14
540 451 198 24 22
541 607 359 12 21
542 467 484 26 10
543 229 392 15 16
544 472 371 13 27
545 733 813 13 19
546 58 594 23 24
547 954 588 17 25
548 283 301 18 20
549 29 203 27 23
550 440 68 17 15
551 14 738 29 18
552 379 694 12 16
553 666 126 19 15
554 858 560 22 19
555 939 87 14 25
556 429 707 24 29
557 675 908 15 11
558 790 821 19 26
559 370 469 29 24
560 109 122 27 29
561 526 358 19 19
562 297 282 12 27
563 530 927 25 10
564 3 189 26 15
565 657 755 29 25
566 580 419 23 14
567 392 633 25 13
568 408 481 23 20
569 243 965 25 25
570 477 69 29 29
571 814 923 27 19
572 896 68 16 18
573 968 582 10 16
574 787 767 25 16
575 569 668 25 18
576 134 847 24 14
577 210 447 11 22
578 427 266 20 13
579 210 305 27 19
580 811 694 28 17
581 6 32 27 20
582 44 241 15 29
583 32 749 25 20
584 468 277 25 26
585 569 952 26 10
586 954 736 14 11
587 797 233 19 13
588 300 577 19 12
589 228 110 21 17
590 480 763 15 10
591 345 838 14 10
592 329 253 27 13
593 271 287 13 18
594 874 131 28 13
595 520 243 21 27
596 940 226 11 29
597 1 931 11 14
598 874 562 13 29
599 325 175 28 16
600 728 891 15 13
601 785 625 25 28
602 125 920 20 28
603 276 116 16 28
604 655 965 29 23
605 233 230 23 16
606 874 850 15 17
607 621 454 12 18
608 738 10 27 23
609 908 493 21 7
610 271 410 26 11
611 734 135 19 13
612 591 883 15 10
613 151 722 22 11
614 485 829 28 25
615 662 482 24 16
616 392 613 19 11
617 45 137 20 24
618 949 145 18 25
619 674 134 11 11
620 157 120 10 18
621 491 935 16 11
622 39 881 22 25
623 632 183 12 22
624 398 293 13 18
625 434 69 27 14
626 70 633 15 16
627 667 639 18 23
628 552 695 15 24
629 385 153 19 26
630 750 85 19 12
631 968 877 18 16
632 759 948 15 17
633 901 324 23 13
634 753 709 23 26
635 788 663 10 11
636 270 158 21 11
637 908 72 19 11
638 204 216 13 24
639 241 461 21 28
640 791 76 17 24
641 199 727 10 20
642 553 139 25 24
643 53 666 15 19
644 55 326 26 11
645 286 583 19 16
646 897 320 22 13
647 116 494 26 14
648 342 32 27 17
649 545 307 18 21
650 933 188 12 23
651 592 473 14 11
652 948 426 13 23
653 468 296 25 14
654 716 276 14 29
655 326 645 18 22
656 263 621 13 17
657 970 57 19 11
658 751 564 17 23
659 411 204 20 19
660 831 366 27 27
661 70 367 21 12
662 636 824 28 20
663 848 568 18 18
664 508 846 17 23
665 762 142 20 26
666 846 104 17 25
667 37 3 13 15
668 505 826 23 14
669 617 653 13 18
670 829 657 26 14
671 666 65 16 29
672 580 841 25 27
673 221 441 12 24
674 231 390 28 20
675 497 846 17 18
676 449 581 19 12
677 525 632 22 27
678 875 485 12 15
679 840 789 23 15
680 651 302 10 24
681 410 801 26 29
682 918 67 28 28
683 738 587 17 16
684 237 523 26 27
685 360 835 24 18
686 36 238 14 10
687 135 101 26 29
688 711 296 14 18
689 222 699 24 25
690 905 331 18 29
691 801 78 17 21
692 943 680 24 12
693 103 456 13 25
694 678 587 14 17
695 559 705 27 28
696 294 817 20 11
697 532 783 21 24
698 209 827 13 18
699 64 40 29 14
700 443 959 10 13
701 589 886 22 14
702 635 815 25 25
703 673 911 13 23
704 491 959 14 24
705 459 317 23 10
706 491 822 22 27
707 534 670 21 22
708 401 367 12 27
709 342 37 14 24
710 692 724 28 13
711 365 291 13 23
712 111 674 21 13
713 373 573 25 12
714 545 965 12 16
715 454 6 29 16
716 263 426 17 12
717 631 862 23 19
718 927 673 14 28
719 770 688 23 25
720 70 269 14 25
721 271 512 14 25
722 433 749 25 29
723 918 404 13 27
724 529 762 23 26
725 684 593 18 25
726 314 627 11 21
727 853 81 10 16
728 261 513 29 19
729 892 705 16 6
730 654 796 27 15
731 935 598 23 18
732 365 515 17 29
733 761 574 27 20
734 868 969 28 20
735 594 341 17 22
736 803 754 17 10
737 967 484 27 16
738 84 631 13 12
739 195 141 28 13
740 227 736 24 17
741 235 494 12 10
742 563 852 12 18
743 700 314 4 21
744 129 207 25 22
745 301 905 24 27
746 572 116 14 10
747 575 935 22 26
748 443 21 23 27
749 105 271 15 19
750 827 885 23 11
751 439 585 16 20
752 822 399 12 28
753 638 817 28 18
754 725 170 17 12
755 775 445 11 16
756 1 11 13 26
757 967 399 15 11
758 374 194 25 13
759 521 733 20 25
760 356 810 12 24
761 570 935 16 22
762 730 830 17 12
763 310 885 21 23
764 811 690 27 20
765 930 403 26 23
766 400 495 16 19
767 911 677 21 12
768 703 16 25 15
769 70 245 16 20
770 118 518 13 13
771 686 455 12 18
772 600 648 21 20
773 77 404 26 19
774 16 179 14 19
775 308 950 25 14
776 610 322 15 20
777 939 204 17 29
778 271 882 14 29
779 539 700 14 10
780 858 601 10 20
781 395 816 18 27
782 350 234 11 17
783 945 520 11 25
784 18 516 13 21
785 305 194 14 11
786 72 324 19 10
787 367 309 18 26
788 35 145 20 13
789 711 821 28 26
790 823 40 24 24
791 215 121 19 10
792 513 885 28 15
793 765 87 14 21
794 95 179 23 12
795 496 813 19 16
796 860 850 26 18
797 204 706 16 28
798 429 621 14 21
799 310 320 24 22
800 630 110 21 19
801 714 50 21 26
802 462 553 13 27
803 452 10 13 18
804 869 575 15 11
805 519 544 22 11
806 758 906 16 10
807 147 49 17 11
808 19 546 13 26
809 141 433 15 14
810 688 390 13 24
811 929 611 21 20
812 724 15 13 16
813 275 501 27 17
814 417 260 24 10
815 833 888 24 17
816 481 309 25 26
817 6 942 29 24
818 636 811 24 21
819 199 939 5 19
820 69 358 18 21
821 221 805 14 17
822 255 568 24 26
823 486 554 19 25
824 490 860 29 14
825 679 976 23 13
826 297 20 29 24
827 496 797 18 27
828 152 118 20 26
829 646 277 23 27
830 565 291 18 26
831 434 932 11 27
832 117 22 20 14
833 639 800 18 22
834 760 683 16 28
835 250 941 18 16
836 176 714 12 21
837 958 314 17 16
838 913 30 21 21
839 878 493 26 10
840 545 745 22 20
841 302 630 26 18
842 364 177 18 26
843 279 682 11 21
844 348 370 18 27
845 551 961 14 14
846 691 919 12 17
847 966 955 26 14
848 728 392 23 14
849 298 930 19 11
850 242 944 15 20
851 535 668 17 23
852 554 105 19 17
853 529 559 13 10
854 314 742 28 17
855 635 321 29 24
856 537 842 27 29
857 315 282 11 13
858 15 3 24 25
859 955 424 17 14
860 630 470 17 27
861 507 934 25 11
862 422 359 20 12
863 781 484 15 19
864 769 77 10 29
865 388 277 14 22
866 682 764 18 13
867 170 869 14 16
868 796 842 26 25
869 498 232 16 24
870 640 772 18 27
871 141 89 10 10
872 294 158 21 14
873 698 312 10 27
874 892 408 21 29
875 843 805 12 29
876 52 496 21 11
877 689 776 17 11
878 256 762 10 29
879 744 584 17 19
880 510 369 17 10
881 943 242 29 11
882 688 217 21 24
883 528 648 12 29
884 217 258 10 28
885 811 447 15 19
886 844 797 12 18
887 913 207 15 17
888 824 534 21 16
889 77 768 16 24
890 139 473 22 13
891 355 51 24 28
892 201 544 13 20
893 449 15 12 20
894 831 218 20 25
895 798 126 25 19
896 772 475 11 25
897 641 785 26 16
898 276 393 13 18
899 487 319 19 28
900 675 952 29 21
901 468 753 28 18
902 535 376 16 9
903 39 898 17 23
904 99 629 22 16
905 806 446 21 12
906 597 333 10 14
907 916 680 10 19
908 297 502 13 19
909 414 728 25 26
910 607 642 22 25
911 724 9 23 22
912 637 266 26 21
913 880 429 27 11
914 707 289 18 29
915 402 625 12 23
916 297 40 10 13
917 470 220 16 10
918 89 628 17 21
919 785 748 21 21
920 981 482 12 26
921 789 645 23 18
922 898 691 29 18
923 630 922 20 13
924 19 444 25 13
925 377 695 23 13
926 119 12 13 19
927 941 593 12 25
928 280 511 11 29
929 454 116 14 29
930 681 915 19 10
931 202 565 28 27
932 306 934 21 28
933 837 120 17 17
934 761 514 12 27
935 656 112 28 21
936 470 486 29 25
937 572 635 11 15
938 139 108 12 16
939 352 517 25 20
940 696 339 28 23
941 914 85 18 23
942 161 522 16 29
943 869 823 20 18
944 451 333 21 20
945 921 699 27 14
946 637 312 17 14
947 632 177 12 16
948 34 606 19 23
949 316 345 28 15
950 101 841 13 21
951 506 655 28 12
952 375 282 20 18
953 397 612 28 24
954 680 894 22 21
955 18 701 24 17
956 120 10 10 13
957 30 805 17 24
958 309 659 27 24
959 153 716 13 11
960 54 180 23 12
961 530 955 17 10
962 959 734 17 12
963 168 400 25 16
964 186 558 16 25
965 454 85 11 10
966 597 643 23 11
967 439 427 13 22
968 813 243 22 13
969 135 900 21 22
970 846 745 13 19
971 871 385 24 25
972 521 642 8 15
973 604 353 24 28
974 234 756 25 29
975 435 952 10 19
976 459 207 10 19
977 977 487 22 15
978 463 571 24 10
979 216 228 12 12
980 198 115 19 15
981 155 469 25 20
982 419 605 11 16
983 197 936 14 28
984 518 561 13 21
985 556 951 28 25
986 316 446 24 25
987 271 194 23 25
988 844 694 20 29
989 977 651 20 17
990 232 777 28 15
991 722 42 11 27
992 903 340 10 29
993 857 557 10 23
994 858 575 14 21
995 97 496 8 5
996 508 98 17 26
997 71 401 28 27
998 941 717 21 20
999 486 748 29 28
1000 367 319 22 13
1001 63 671 9 8
1002 636 786 29 17
1003 602 645 14 4
1004 359 826 16 23
1005 799 73 12 12
1006 532 367 23 28
1007 656 823 17 10
1008 113 477 21 24
1009 273 812 17 17
1010 544 941 15 23
1011 226 181 13 10
1012 42 750 10 22
1013 940 489 26 22
1014 920 348 12 16
1015 400 818 12 14
1016 427 390 24 29
1017 26 238 29 12
1018 731 132 16 12
1019 687 971 26 21
1020 555 864 14 24
1021 759 345 24 13
1022 27 329 18 23
1023 683 948 26 27
1024 638 29 28 23
1025 574 64 12 14
1026 196 148 16 11
1027 107 497 21 29
1028 425 211 19 28
1029 437 593 22 27
1030 144 516 28 28
1031 28 601 11 25
1032 958 725 18 29
1033 777 648 27 22
1034 299 576 16 10
1035 6 916 16 22
1036 114 894 16 19
1037 265 683 23 26
1038 271 420 10 20
1039 204 106 29 11
1040 809 242 23 10
1041 158 848 24 14
1042 55 202 29 13
1043 405 220 24 22
1044 844 900 15 16
1045 558 269 18 29
1046 944 123 18 26
1047 561 754 14 24
1048 648 427 16 11
1049 957 204 28 17
1050 246 285 21 26
1051 463 398 28 27
1052 925 306 22 13
1053 286 630 24 21
1054 687 860 10 18
1055 178 479 10 20
1056 273 150 19 20
1057 26 686 16 24
1058 245 71 28 29
1059 140 794 21 18
1060 733 490 27 20
1061 661 574 16 17
1062 487 330 27 13
1063 787 621 14 29
1064 175 871 5 11
1065 286 512 10 18
1066 497 258 16 28
1067 56 296 25 16
1068 790 964 22 27
1069 345 360 16 21
1070 487 262 17 19
1071 813 130 26 22
1072 492 922 11 16
1073 275 150 12 10
1074 907 307 17 28
1075 417 822 14 15
1076 737 423 20 21
1077 183 610 29 22
1078 172 334 28 10
1079 231 265 15 18
1080 584 971 10 25
1081 863 802 10 8
1082 551 563 20 21
1083 612 208 24 11
1084 857 384 12 15
1085 698 767 28 23
1086 54 183 12 26
1087 391 555 15 28
1088 428 382 21 13
1089 908 69 16 12
1090 785 632 16 22
1091 51 654 11 21
1092 459 457 18 17
1093 352 369 15 15
1094 564 724 13 25
1095 420 706 23 14
1096 371 953 18 15
1097 131 8 13 19
1098 515 825 25 22
1099 660 828 21 20
1100 567 664 29 11
1101 75 479 24 18
1102 901 708 27 12
1103 170 468 15 19
1104 562 722 16 14
1105 746 554 18 29
1106 523 228 27 22
1107 505 930 26 20
1108 164 531 14 23
1109 451 71 25 17
1110 559 480 18 27
1111 567 320 13 22
1112 701 36 16 16
1113 357 114 24 27
1114 927 88 25 10
1115 622 744 17 16
1116 160 379 22 19
1117 320 188 25 16
1118 88 341 12 13
1119 590 321 21 26
1120 957 505 24 23
1121 901 677 16 17
1122 85 829 18 26
1123 651 580 16 14
1124 168 538 19 28
1125 930 250 29 11
1126 355 367 21 21
1127 861 800 17 14
1128 622 306 16 16
1129 543 951 11 13
1130 122 950 16 11
1131 264 695 17 11
1132 132 0 26 17
1133 971 300 28 19
1134 742 98 20 23
1135 807 370 13 21
1136 154 954 18 28
1137 803 285 26 25
1138 422 393 14 15
1139 513 572 11 20
1140 530 301 16 24
1141 633 177 26 15
1142 389 624 15 26
1143 911 83 14 17
1144 629 408 23 21
1145 769 692 11 17
1146 80 113 23 29
1147 811 912 26 22
1148 891 246 10 10
1149 731 877 13 14
1150 210 784 10 29
1151 233 647 25 24
1152 771 463 15 20
1153 450 117 27 16
1154 932 704 18 16
1155 792 915 10 17
1156 542 686 24 27
1157 335 704 21 22
1158 203 399 14 21
1159 911 460 18 12
1160 963 475 25 26
1161 291 514 23 13
1162 30 811 23 13
1163 947 274 18 21
1164 222 471 22 24
1165 443 588 25 10
1166 666 874 28 21
1167 518 828 27 16
1168 108 443 11 21
1169 446 539 27 29
1170 514 224 25 22
1171 258 91 11 11
1172 326 28 24 12
1173 253 550 24 26
1174 580 824 17 25
1175 766 705 10 14
1176 976 892 19 17
1177 806 955 14 16
1178 561 770 15 27
1179 819 136 10 14
1180 431 616 20 27
1181 676 979 16 21
1182 648 742 16 14
1183 650 106 27 22
1184 515 539 18 13
1185 22 952 14 22
1186 185 332 23 22
1187 155 769 14 21
1188 908 75 26 10
1189 849 229 18 16
1190 795 814 26 19
1191 346 233 25 17
1192 696 77 22 10
1193 213 437 18 23
1194 403 724 17 23
1195 35 503 23 25
1196 131 593 11 15
1197 41 894 21 27
1198 380 87 29 13
1199 786 759 12 20
1200 801 43 27 26
1201 465 412 21 14
1202 548 691 26 22
1203 812 235 11 14
1204 762 17 26 14
1205 897 241 20 20
1206 319 291 11 29
1207 88 800 29 27
1208 385 915 17 26
1209 113 10 24 21
1210 227 220 24 26
1211 728 821 19 19
1212 392 571 17 16
1213 157 983 8 3
1214 572 429 16 29
1215 393 348 11 20
1216 373 884 14 11
1217 905 711 27 25
1218 310 872 12 12
1219 194 322 11 26
1220 802 261 13 18
1221 543 284 18 21
1222 689 408 24 20
1223 544 148 13 29
1224 673 69 21 13
1225 810 368 22 25
1226 304 626 23 15
1227 793 73 21 15
1228 635 931 22 28
1229 303 193 20 19
1230 65 20 27 26
1231 497 253 16 19
1232 441 245 6 13
1233 482 973 16 21
1234 341 664 17 27
1235 299 193 23 14
1236 392 906 16 28
1237 711 715 24 14
1238 624 279 18 16
1239 855 298 16 23
1240 616 211 13 13
1241 268 675 25 12
1242 287 925 16 15
1243 184 561 28 11
1244 855 829 27 15
1245 446 241 10 25
1246 526 758 18 10
1247 776 260 28 23
1248 946 208 26 12
1249 762 707 11 26
1250 177 715 16 26
1251 737 72 11 11
1252 638 166 12 13
1253 347 956 29 19
1254 597 457 26 23
1255 194 552 12 25
1256 572 968 16 23
1257 347 60 10 16
1258 128 666 17 16
1259 334 232 15 3
1260 465 315 15 23
1261 738 533 12 22
1262 25 208 27 27
1263 431 71 13 27
1264 168 784 23 17
1265 848 386 21 13
1266 740 331 15 24
1267 513 743 20 18
1268 698 60 10 20
1269 56 816 23 16
1270 379 162 18 22
1271 194 694 24 11
1272 383 827 20 11
1273 435 600 20 29
1274 736 928 27 18
1275 583 832 23 11
1276 775 114 19 15
1277 549 348 20 26
1278 511 967 29 25
1279 39 885 19 17
1280 437 4 15 23
1281 752 17 29 18
1282 570 125 19 10
1283 898 955 19 19
1284 758 432 17 22
1285 797 588 17 28
1286 125 894 14 23
1287 56 630 25 17
1288 851 111 11 14
1289 642 806 11 11
1290 80 813 12 19
1291 633 952 10 28
1292 230 425 12 17
1293 867 811 22 26
1294 80 346 20 25
1295 713 338 16 26
1296 377 946 26 28
1297 274 335 19 14
1298 798 698 22 18
1299 149 195 12 26
1300 339 57 22 20
1301 652 225 11 14
1302 936 759 17 29
1303 162 489 18 26
1304 551 78 11 17
1305 606 914 27 16
1306 83 815 5 13
1307 139 844 28 10
1308 515 187 29 10
1309 320 358 14 15
1310 336 21 19 16
1311 420 598 20 26
